0.550 340.66424 0.0000543 0.00
0.551 359.97732 0.0000602 0.00
0.552 380.12551 0.0000652 0.00
0.553 402.31462 0.0000654 0.00
0.554 426.79522 0.0000690 0.00
0.555 452.54905 0.0000743 0.00
0.556 481.48558 0.0000802 0.00
0.557 513.40965 0.0000843 0.00
0.558 547.30276 0.0000902 0.00
0.559 585.30007 0.0000955 0.00
0.560 627.56156 0.0001033 0.00
0.561 672.85363 0.0001102 0.00
0.562 725.04239 0.0001141 0.00
0.563 782.19701 0.0001282 0.00
0.564 845.01484 0.0001349 0.00
0.565 916.26931 0.0001438 0.00
0.566 999.74500 0.0001625 0.00
0.567 1089.2276 0.0001750 0.00
0.568 1196.8089 0.0001858 0.00
0.569 1312.8339 0.0002039 0.00
0.570 1450.1971 0.0002305 0.00
0.571 1613.4211 0.0002582 0.00
0.572 1796.3369 0.0002827 0.00
0.573 2005.9618 0.0003117 0.00
0.574 2266.9426 0.0003515 0.00
0.575 2575.6705 0.0003888 0.00
0.576 2942.8576 0.0004427 0.00
0.577 3385.2628 0.0005152 0.00
0.578 3936.1467 0.0005830 0.00
0.579 4609.6507 0.0006880 0.00
0.580 5484.5078 0.0007839 0.00
0.581 6650.7794 0.0009440 0.00
0.582 8121.4450 0.0011324 0.00
0.583 10209.968 0.0014459 0.00
0.584 12877.679 0.0018299 0.00
0.585 16902.697 0.0022695 0.00
0.586 23156.715 0.0031629 0.00
0.587 32135.791 0.0041562 0.00
0.588 49873.363 0.0063392 0.00
0.589 78419.479 0.0090723 0.00
0.590 141198.66 0.0153436 0.00
0.591 282205.30 0.0345950 0.00
0.592 617443.56 0.0789419 0.09
0.593 926939.49 0.2090840 0.69
0.594 165154.59 0.3303725 0.99
0.595 29474.457 0.3758366 1.00
0.596 10847.553 0.4025715 1.00
0.597 2948.8776 0.4207935 1.00
0.598 1664.7607 0.4349862 1.00
0.599 1240.5514 0.4466195 1.00
0.600 753.65661 0.4566015 1.00
0.601 558.38611 0.4652969 1.00
0.602 439.26590 0.4730554 1.00
0.603 358.40391 0.4802745 1.00
0.604 279.93430 0.4866338 1.00
0.605 239.03756 0.4925694 1.00
0.606 197.13220 0.4981890 1.00
0.607 168.43575 0.5035153 1.00
0.608 146.11610 0.5084302 1.00
0.609 126.92859 0.5130968 1.00
0.610 112.30271 0.5174654 1.00
0.611 101.97747 0.5216624 1.00
0.612 91.190814 0.5257324 1.00
0.613 80.811586 0.5295034 1.00
0.614 74.185844 0.5331995 1.00
0.615 68.688728 0.5367571 1.00
0.616 63.635968 0.5400922 1.00
0.617 58.076657 0.5433416 1.00
0.618 53.757744 0.5465645 1.00
0.619 49.939664 0.5496134 1.00
0.620 46.694780 0.5526310 1.00
0.621 43.410624 0.5555151 1.00
0.622 40.432344 0.5583366 1.00
0.623 38.066218 0.5610764 1.00
0.624 35.672836 0.5638066 1.00
0.625 33.895266 0.5663594 1.00
0.626 32.071483 0.5689020 1.00
0.627 30.677737 0.5713837 1.00
0.628 28.888740 0.5737869 1.00
0.629 27.579773 0.5761891 1.00
0.630 26.148790 0.5784790 1.00
0.631 25.015776 0.5807309 1.00
0.632 23.669354 0.5830042 1.00
0.633 22.728021 0.5852003 1.00
0.634 21.726705 0.5873682 1.00
0.635 20.876623 0.5894516 1.00
0.636 20.150814 0.5915302 1.00
0.637 19.352565 0.5935906 1.00
0.638 18.509611 0.5955915 1.00
0.639 17.805872 0.5976003 1.00
0.640 17.170415 0.5995668 1.00
0.641 16.538823 0.6014704 1.00
0.642 15.900789 0.6033880 1.00
0.643 15.414642 0.6052223 1.00
0.644 14.935742 0.6070513 1.00
0.645 14.370170 0.6089035 1.00
0.646 13.969100 0.6106854 1.00
0.647 13.505730 0.6124539 1.00
0.648 13.039438 0.6142166 1.00
0.649 12.627582 0.6159626 1.00
