0.550 314.53867 0.0032054 0.00
0.551 329.57268 0.0032372 0.00
0.552 347.77827 0.0034256 0.00
0.553 367.01808 0.0034517 0.00
0.554 388.43005 0.0036992 0.00
0.555 410.91278 0.0039265 0.00
0.556 434.51147 0.0042139 0.00
0.557 467.46054 0.0043896 0.00
0.558 488.07847 0.0047234 0.00
0.559 510.58906 0.0049625 0.00
0.560 540.25248 0.0051378 0.00
0.561 581.64882 0.0051989 0.00
0.562 633.73341 0.0060340 0.00
0.563 673.43721 0.0062329 0.00
0.564 733.03056 0.0068948 0.00
0.565 765.88677 0.0073224 0.00
0.566 842.21069 0.0077758 0.00
0.567 896.53178 0.0083401 0.00
0.568 980.27134 0.0089741 0.00
0.569 1058.1242 0.0093584 0.00
0.570 1170.0036 0.0104826 0.00
0.571 1266.4971 0.0110394 0.00
0.572 1370.2751 0.0121782 0.00
0.573 1525.7269 0.0141852 0.00
0.574 1653.7057 0.0142744 0.00
0.575 1885.6436 0.0172001 0.00
0.576 2054.9157 0.0175586 0.00
0.577 2368.3513 0.0199039 0.00
0.578 2483.6717 0.0236441 0.00
0.579 2997.6655 0.0261535 0.00
0.580 3197.7807 0.0284743 0.00
0.581 3795.9538 0.0352558 0.00
0.582 4358.0750 0.0377878 0.00
0.583 4968.5241 0.0401265 0.00
0.584 5477.9589 0.0495734 0.00
0.585 6305.7204 0.0579124 0.00
0.586 7239.7983 0.0641922 0.00
0.587 8704.6241 0.0829151 0.04
0.588 10062.976 0.0977262 0.08
0.589 11884.613 0.1164903 0.07
0.590 12555.725 0.1450022 0.27
0.591 14287.754 0.1545008 0.32
0.592 15442.390 0.1995188 0.42
0.593 16495.190 0.2242880 0.48
0.594 19769.155 0.2485486 0.62
0.595 16812.883 0.2931804 0.79
0.596 13402.416 0.3299881 0.86
0.597 12202.320 0.3539483 0.87
0.598 8097.3635 0.3843628 0.98
0.599 5656.1549 0.4084203 1.00
0.600 5306.0300 0.4181612 0.99
0.601 2397.7997 0.4370004 1.00
0.602 1429.3436 0.4500169 1.00
0.603 3229.2165 0.4571588 0.99
0.604 776.98307 0.4701016 1.00
0.605 488.22670 0.4784406 1.00
0.606 500.03947 0.4845321 1.00
0.607 666.27334 0.4907203 1.00
0.608 361.04355 0.4978054 1.00
0.609 250.63921 0.5038558 1.00
0.610 257.21247 0.5087494 1.00
0.611 185.13476 0.5141638 1.00
0.612 203.21643 0.5174194 1.00
0.613 201.95508 0.5214127 1.00
0.614 129.71594 0.5255001 1.00
0.615 110.35359 0.5302673 1.00
0.616 103.83439 0.5336277 1.00
0.617 89.523255 0.5380164 1.00
0.618 123.39909 0.5415001 1.00
0.619 74.683861 0.5447782 1.00
0.620 77.245073 0.5478069 1.00
0.621 63.767317 0.5510233 1.00
0.622 64.453345 0.5536851 1.00
0.623 61.548871 0.5567893 1.00
0.624 48.614113 0.5601594 1.00
0.625 49.898774 0.5626269 1.00
0.626 45.485939 0.5654901 1.00
0.627 40.763671 0.5682332 1.00
0.628 46.793657 0.5704467 1.00
0.629 36.654049 0.5730365 1.00
0.630 35.878893 0.5758091 1.00
0.631 33.294774 0.5782641 1.00
0.632 33.331875 0.5799767 1.00
0.633 33.301262 0.5826985 1.00
0.634 29.030425 0.5851643 1.00
0.635 28.477560 0.5868201 1.00
0.636 26.311682 0.5891847 1.00
0.637 24.378317 0.5913317 1.00
0.638 22.923058 0.5936069 1.00
0.639 22.825949 0.5956157 1.00
0.640 21.948942 0.5976366 1.00
0.641 20.070637 0.5997695 1.00
0.642 20.477058 0.6016263 1.00
0.643 20.043088 0.6033166 1.00
0.644 17.389036 0.6054648 1.00
0.645 17.807914 0.6074111 1.00
0.646 17.023990 0.6088430 1.00
0.647 16.730153 0.6107718 1.00
0.648 15.961020 0.6129427 1.00
0.649 14.811543 0.6144785 1.00
